n		def1		def2
1		-52.6809491003		-60.1655490243
2		-52.2731461165		-58.9070295558
3		-51.9909171231		-57.8673523734
4		-51.8203739038		-57.0235565509
5		-51.7493613785		-56.3554759886
6		-51.7672136199		-55.8453514222
7		-51.8645483028		-55.4775030168
8		-52.0330928799		-55.2380530347
9		-52.2655370589		-55.1146900689
10		-52.5554071752		-55.0964679256
11		-52.8969588634		-55.1736334990
12		-53.2850850782		-55.3374790009
13		-53.7152370382		-55.5802147211
14		-54.1833560853		-55.8948591530
15		-54.6858147948		-56.2751438574
16		-55.2193659497		-56.7154308725
17		-55.7810982207		-57.2106408369
18		-56.3683975786		-57.7561902852
19		-56.9789136231		-58.3479368211
20		-57.6105301372		-58.9821310711
21		-58.2613392829		-59.6553744911
22		-58.9296189427		-60.3645822367
23		-59.6138127844		-61.1069504251
24		-60.3125126907		-61.8799272132
25		-61.0244432422		-62.6811872011
26		-61.7484479934		-63.5086087369
27		-62.4834773119		-64.3602537603
28		-63.2285775853		-65.2343498702
29		-63.9828816285		-66.1292743458
30		-64.7456001432		-67.0435398859
31		-65.5160141043		-67.9757818620
32		-66.2934679622		-68.9247469079
33		-67.0773635652		-69.8892826916
34		-67.8671547198		-70.8683287338
35		-68.6623423136		-71.8609081547
36		-69.4624699391		-72.8661202462
37		-70.2671199610		-73.8831337784
38		-71.0759099784		-74.9111809597
39		-71.8884896393		-75.9495519817
40		-72.7045377672		-76.9975900843
41		-50.8174930013		-58.8786861898
42		-50.3027747109		-57.4510663241
43		-49.9215212861		-56.2545672078
44		-49.6590764514		-55.2650417794
45		-49.5026075376		-54.4612770061
46		-49.4408490589		-53.8245867899
47		-49.4638866799		-53.3384684578
48		-49.5629745181		-52.9883117975
49		-49.7303800804		-52.7611517035
50		-49.9592522018		-52.6454571688
51		-50.2435082063		-52.6309506900
52		-50.5777371926		-52.7084532145
53		-50.9571168944		-52.8697506202
54		-51.3773420069		-53.1074784074
55		-51.8345622321		-53.4150218463
56		-52.3253285867		-53.7864292825
57		-52.8465467540		-54.2163366780
58		-53.3954364620		-54.6999017723
59		-53.9694960265		-55.2327465063
60		-54.5664713372		-55.8109065595
61		-55.1843286708		-56.4307870262
62		-55.8212308131		-57.0891234056
63		-56.4755160442		-57.7829471992
64		-57.1456796112		-58.5095555138
65		-57.8303573626		-59.2664841540
66		-58.5283112678		-60.0514837604
67		-59.2384165827		-60.8624986135
68		-59.9596504557		-61.6976477725
69		-60.6910817967		-62.5552082653
70		-61.4318622551		-63.4336000831
71		-62.1812181737		-64.3313727652
72		-62.9384434028		-65.2471933880
73		-63.7028928731		-66.1798357957
74		-64.4739768404		-67.1281709310
75		-65.2511557247		-68.0911581421
76		-66.0339354763		-69.0678373562
77		-66.8218634113		-70.0573220253
78		-67.6145244622		-71.0587927599
79		-68.4115378012		-72.0714915767
80		-69.2125537934		-73.0947166941
81		-48.6304531516		-56.3339522861
82		-48.1471686546		-54.9756292850
83		-47.7900759654		-53.8357880372
84		-47.5456377345		-52.8921259816
85		-47.4019651512		-52.1249927813
86		-47.3485909496		-51.5170299683
87		-47.3762774402		-51.0528657271
88		-47.4768535717		-50.7188554321
89		-47.6430761539		-50.5028603126
90		-47.8685112709		-50.3940580149
91		-48.1474326288		-50.3827799530
92		-48.4747341597		-50.4603712382
93		-48.8458546677		-50.6190697055
94		-49.2567126822		-50.8519011462
95		-49.7036499878		-51.1525883369
96		-50.1833825548		-51.5154718483
97		-50.6929577980		-51.9354409431
98		-51.2297172629		-52.4078731365
99		-51.7912639786		-52.9285812169
100		-52.3754338339		-53.4937667055
101		-52.9802704299		-54.0999788883
102		-53.6040029428		-54.7440786820
103		-54.2450266017		-55.4232067010
104		-54.9018854395		-56.1347549860
105		-55.5732570268		-56.8763419296
106		-56.2579389371		-57.6457899971
107		-56.9548367278		-58.4411058996
108		-57.6629532501		-59.2604629199
109		-58.3813791263		-60.1021851328
110		-59.1092842548		-60.9647332947
111		-59.8459102204		-61.8466922086
112		-60.5905635042		-62.7467593919
113		-61.3426094015		-63.6637349011
114		-62.1014665649		-64.5965121804
115		-62.8666021043		-65.5440698220
116		-63.6375271801		-66.5054641374
117		-64.4137930361		-67.4798224516
118		-65.1949874230		-68.4663370422
119		-65.9807313723		-69.4642596556
120		-46.6464704333		-54.0104516851
121		-46.1918312432		-52.7154913919
122		-45.8567692733		-51.6275180088
123		-45.6287475604		-50.7258779666
124		-45.4967240602		-49.9923226579
125		-45.4509499880		-49.4106883163
126		-45.4827986554		-48.9666239008
127		-45.5846196823		-48.6473589728
128		-45.7496144125		-48.4415050287
129		-45.9717291123		-48.3388849229
130		-46.2455631368		-48.3303859661
131		-46.5662897417		-48.4078330455
132		-46.9295876105		-48.5638787345
133		-47.3315814931		-48.7919078658
134		-47.7687906138		-49.0859544538
135		-48.2380837252		-49.4406291927
136		-48.7366398616		-49.8510560364
137		-49.2619139933		-50.3128165993
138		-49.8116069068		-50.8219013082
139		-50.3836387369		-51.3746663971
140		-50.9761256627		-51.9677959696
141		-51.5873593501		-52.5982684693
142		-52.2157887844		-53.2633269889
143		-52.8600041867		-53.9604529325
144		-53.5187227515		-54.6873426116
145		-54.1907759773		-55.4418864135
146		-54.8750983960		-56.2221502275
147		-55.5707175295		-57.0263588605
148		-56.2767449280		-57.8528812042
149		-56.9923681612		-58.7002169505
150		-57.7168436510		-59.5669846751
151		-58.4494902491		-60.4519111354
152		-59.1896834744		-61.3538216436
153		-59.9368503349		-62.2716313971
154		-60.6904646708		-63.2043376613
155		-61.4500429601		-64.1510127103
156		-62.2151405364		-65.1107974469
157		-62.9853481749		-66.0828956274
158		-44.8456015311		-51.8866192534
159		-44.4171221735		-50.6497214225
160		-44.1021869714		-49.6093261925
161		-43.8891563067		-48.7462590495
162		-43.7677501813		-48.0435326841
163		-43.7288684585		-47.4860616477
164		-43.7644377552		-47.0604189617
165		-43.8672805984		-46.7546278118
166		-44.0310032515		-46.5579826996
167		-44.2498992562		-46.4608954144
168		-44.5188662467		-46.4547619957
169		-44.8333340129		-46.5318475041
170		-45.1892021275		-46.6851859521
171		-45.5827857288		-46.9084931773
172		-46.0107682789		-47.1960908014
173		-46.4701603056		-47.5428397060
174		-46.9582632896		-47.9440817072
175		-47.4726379889		-48.3955883048
176		-48.0110765972		-48.8935155568
177		-48.5715782258		-49.4343642666
178		-49.1523272699		-50.0149447902
179		-49.7516742856		-50.6323458696
180		-50.3681190575		-51.2839069808
181		-51.0002955782		-51.9671937600
182		-51.6469587042		-52.6799761252
183		-52.3069722805		-53.4202087692
184		-52.9792985569		-54.1860137369
185		-53.6629887411		-54.9756648416
186		-54.3571745538		-55.7875737047
187		-55.0610606704		-56.6202772331
188		-55.7739179445		-57.4724263681
189		-56.4950773274		-58.3427759655
190		-57.2239244023		-59.2301756793
191		-57.9598944667		-60.1335617396
192		-58.7024681025		-61.0519495278
193		-59.4511671798		-61.9844268639
194		-60.2055512490		-62.9301479297
195		-43.2102348944		-49.9433993939
196		-42.8056941921		-48.7598173758
197		-42.5091798443		-47.7631491175
198		-42.3098596722		-46.9355508962
199		-42.1981415342		-46.2611737431
200		-42.1655125724		-45.7259082780
201		-42.2044018350		-45.3171663393
202		-42.3080624997		-45.0236935020
203		-42.4704705909		-44.8354076165
204		-42.6862376296		-44.7432593501
205		-42.9505350870		-44.7391113934
206		-43.2590288753		-44.8156335540
207		-43.6078223972		-44.9662114134
208		-43.9934069147		-45.1848665998
209		-44.4126181987		-45.4661870335
210		-44.8625985769		-45.8052657628
211		-45.3407636396		-46.1976472135
212		-45.8447729701		-46.6392798573
213		-46.3725043633		-47.1264744474
214		-46.9220310728		-47.6558670960
215		-47.4916016953		-48.2243865718
216		-48.0796223537		-48.8292252818
217		-48.6846408904		-49.4678134795
218		-49.3053328202		-50.1377962997
219		-49.9404888272		-50.8370132789
220		-50.5890036188		-51.5634800620
221		-51.2498659748		-52.3153720375
222		-51.9221498498		-53.0910096755
223		-52.6050064069		-53.8888453732
224		-53.2976568758		-54.7074516353
225		-53.9993861398		-55.5455104402
226		-54.7095369723		-56.4018036596
227		-55.4275048486		-57.2752044168
228		-56.1527332705		-58.1646692813
229		-56.8847095492		-59.0692312111
230		-57.6229609949		-59.9879931620
231		-41.7247758631		-48.1639082561
232		-41.3421838737		-47.0293803633
233		-41.0625584349		-46.0729734028
234		-40.8757960809		-45.2780446216
235		-40.7729273349		-44.6297753632
236		-40.7459725102		-44.1149421870
237		-40.7878180856		-43.7217203730
238		-40.8921103932		-43.4395147063
239		-41.0531639251		-43.2588133223
240		-41.2658820273		-43.1710611139
241		-41.5256881243		-43.1685497853
242		-41.8284659215		-43.2443221175
243		-42.1705072895		-43.3920884030
244		-42.5484667338		-43.6061533286
245		-42.9593215313		-43.8813518569
246		-43.4003367518		-44.2129928755
247		-43.8690345031		-44.5968095693
248		-44.3631668358		-45.0289156263
249		-44.8806918279		-45.5057665162
250		-45.4197524351		-46.0241251897
251		-45.9786577561		-46.5810316403
252		-46.5558664074		-47.1737758450
253		-47.1499717462		-47.7998736692
254		-47.7596887140		-48.4570453758
255		-48.3838421071		-49.1431964267
256		-49.0213561006		-49.8564003057
257		-49.6712448812		-50.5948831272
258		-50.3326042574		-51.3570098248
259		-51.0046041359		-52.1412717403
260		-51.6864817658		-52.9462754564
261		-52.3775356639		-53.7707327344
262		-53.0771201459		-54.6134514356
263		-53.7846403971		-55.4733273212
264		-54.4995480241		-56.3493366356
265		-55.2213370357		-57.2405293904
266		-40.3753799098		-46.5331474359
267		-40.0129495918		-45.4438380851
268		-39.7488343489		-44.5245665862
269		-39.5735902536		-43.7597770921
270		-39.4788130205		-43.1355860336
271		-39.4570082786		-42.6395762147
272		-39.5014800114		-42.2606195053
273		-39.6062343375		-41.9887237033
274		-39.7658962854		-41.8148998963
275		-39.9756376159		-41.7310472646
276		-40.2311140623		-41.7298527730
277		-40.5284106257		-41.8047036088
278		-40.8639937791		-41.9496105655
279		-41.2346696143		-42.1591408499
280		-41.6375471119		-42.4283590251
281		-42.0700058419		-42.7527749955
282		-42.5296675033		-43.1282981007
283		-43.0143707979		-43.5511965234
284		-43.5221492080		-44.0180613275
285		-44.0512113062		-44.5257745416
286		-44.5999232800		-45.0714807836
287		-45.1667933949		-45.6525619895
288		-45.7504581607		-46.2666148719
289		-46.3496699935		-46.9114307798
290		-46.9632861957		-47.5849776772
291		-47.5902590996		-48.2853839935
292		-48.2296272378		-49.0109241296
293		-48.8805074237		-49.7600054327
294		-49.5420876384		-50.5311564736
295		-50.2136206333		-51.3230164835
296		-50.8944181702		-52.1343258230
297		-51.5838458274		-52.9639173702
298		-52.2813183121		-53.8107087325
299		-52.9862952242		-54.6736951920
300		-39.1497258063		-45.0377604191
301		-38.8058486574		-43.9902094844
302		-38.5560002101		-43.1052479870
303		-38.3913350945		-42.3683064366
304		-38.3039633877		-41.7663521471
305		-38.2868335801		-41.2877034832
306		-38.3336316344		-40.9218694403
307		-38.4386936779		-40.6594107024
308		-38.5969302799		-40.4918189744
309		-38.8037606070		-40.4114119098
310		-39.0550550251		-40.4112413886
311		-39.3470849455		-40.4850132578
312		-39.6764789019		-40.6270169406
313		-40.0401839994		-40.8320635638
314		-40.4354320093		-41.0954314601
315		-40.8597094884		-41.4128180659
316		-41.3107313961		-41.7802973835
317		-41.7864177554		-42.1942822929
318		-42.2848729707		-42.6514910981
319		-42.8043674675		-43.1489177831
320		-43.3433213681		-43.6838055186
321		-43.9002899511		-44.2536230279
322		-44.4739506835		-44.8560434682
323		-45.0630916340		-45.4889255319
324		-45.6666011086		-46.1502965077
325		-46.2834583640		-46.8383370788
326		-46.9127252766		-47.5513676576
327		-47.5535388586		-48.2878360877
328		-48.2051045249		-49.0463065596
329		-48.8666900310		-49.8254496084
330		-49.5376200041		-50.6240330764
331		-50.2172710077		-51.4409139372
332		-50.9050670788		-52.2750308904
333		-38.0368220573		-43.6658246543
334		-37.7100470991		-42.6569037456
335		-37.4733418308		-41.8036929655
336		-37.3184055120		-41.0925202660
337		-37.2378174941		-40.5111291588
338		-37.2249313568		-40.0485106957
339		-37.2737833434		-39.6947579559
340		-37.3790129457		-39.4409396762
341		-37.5357938467		-39.2789902165
342		-37.7397737190		-39.2016135067
343		-37.9870216176		-39.2021989952
344		-38.2739819039		-39.2747479305
345		-38.5974338014		-39.4138085613
346		-38.9544558203		-39.6144190554
347		-39.3423944015		-39.8720571154
348		-39.7588362266		-40.1825954182
349		-40.2015837187		-40.5422621309
350		-40.6686333295		-40.9476058611
351		-41.1581562602		-41.3954644894
352		-41.6684813168		-41.8829374066
353		-42.1980796381		-42.4073607434
354		-42.7455510705		-42.9662852351
355		-43.3096119945		-43.5574564106
356		-43.8890844313		-44.1787968351
357		-44.4828862822		-44.8283901696
358		-45.0900225694		-45.5044668437
359		-45.7095775665		-46.2053911571
360		-46.3407077184		-46.9296496554
361		-46.9826352629		-47.6758406384
362		-47.6346424787		-48.4426646795
363		-48.2960664902		-49.2289160477
364		-48.9662945717		-50.0334749384
365		-37.0268411632		-42.4066734457
366		-36.7158567592		-41.4335480463
367		-36.4912773405		-40.6097651488
368		-36.3452989614		-39.9224712825
369		-36.2709301353		-39.3601197225
370		-36.2618958319		-38.9123181239
371		-36.3125542149		-38.5696962101
372		-36.4178242385		-38.3237905682
373		-36.5731225275		-38.1669440862
374		-36.7743082172		-38.0922179559
375		-37.0176346386		-38.0933144918
376		-37.2997069044		-38.1645092867
377		-37.6174445983		-38.3005914445
378		-37.9680488852		-38.4968108236
379		-38.3489734627		-38.7488313736
380		-38.7578988576		-39.0526897856
381		-39.1927096406		-39.4047587835
382		-39.6514741933		-39.8017144772
383		-40.1324267119		-40.2405072808
384		-40.6339511736		-40.7183359619
385		-41.1545670306		-41.2326244502
386		-41.6929164254		-41.7810010783
387		-42.2477527486		-42.3612799729
388		-42.8179303852		-42.9714443499
389		-43.4023955112		-43.6096314956
390		-44.0001778238		-44.2741192476
391		-44.6103830997		-44.9633138078
392		-45.2321864896		-45.6757387430
393		-45.8648264704		-46.4100250433
394		-46.5075993822		-47.1649021282
395		-47.1598544887		-47.9391896970
396		-36.1109772550		-41.2507428972
397		-35.8145953318		-40.3108394789
398		-35.6012189592		-39.5143721682
399		-35.4634984333		-38.8492359173
400		-35.3948356446		-38.3045345046
401		-35.3892968055		-37.8704420277
402		-35.4415365619		-37.5380823141
403		-35.5467318350		-37.2994236611
404		-35.7005240045		-37.1471867320
405		-35.8989682643		-37.0747637732
406		-36.1384891623		-37.0761476023
407		-36.4158414840		-37.1458690496
408		-36.7280757697		-37.2789417343
409		-37.0725078549		-37.4708132170
410		-37.4466919143		-37.7173217112
411		-37.8483965640		-38.0146576504
412		-38.2755836372		-38.3593295058
413		-38.7263893029		-38.7481333331
414		-39.1991072423		-39.1781255964
415		-39.6921736349		-39.6465988790
416		-40.2041537387		-40.1510601400
417		-40.7337298790		-40.6892112211
418		-41.2796906818		-41.2589313460
419		-41.8409214094		-41.8582613855
420		-42.4163952744		-42.4853896919
421		-43.0051656224		-43.1386393284
422		-43.6063588875		-43.8164565416
423		-44.2191682365		-44.5174003427
424		-44.8428478281		-45.2401330790
425		-45.4767076205		-45.9834118922
426		-35.2813234274		-40.1894399806
427		-34.9984657438		-39.2804173589
428		-34.7954538644		-38.5093412323
429		-34.6653543672		-37.8647923970
430		-34.6019305094		-37.3364721320
431		-34.5995627079		-36.9150759973
432		-34.6531792169		-36.5921836834
433		-34.7581955467		-36.3601626316
434		-34.9104613969		-36.2120835035
435		-35.1062140667		-36.1416458755
436		-35.3420374635		-36.1431127781
437		-35.6148259636		-36.2112529077
438		-35.9217524868		-36.3412895097
439		-36.2602402401		-36.5288550758
440		-36.6279376637		-36.7699511204
441		-37.0226961776		-37.0609124029
442		-37.4425503818		-37.3983750512
443		-37.8857004115		-37.7792481122
444		-38.3504961886		-38.2006881229
445		-38.8354233428		-38.6600763446
446		-39.3390906090		-39.1549983517
447		-39.8602185280		-39.6832257043
448		-40.3976293038		-40.2426994699
449		-40.9502376851		-40.8315153860
450		-41.5170427579		-41.4479104838
451		-42.0971205491		-42.0902510123
452		-42.6896173511		-42.7570215229
453		-43.2937436918		-43.4468149915
454		-43.9087688802		-44.1583238679
455		-34.5307657341		-39.2150284768
456		-34.2604518993		-38.3347527910
457		-34.0670412106		-37.5873114964
458		-33.9439825744		-36.9619152617
459		-33.8853719080		-36.4488153382
460		-33.8858795216		-36.0391883141
461		-33.9406866600		-35.7250352837
462		-34.0454299145		-35.4990934179
463		-34.1961524198		-35.3547582321
464		-34.3892609132		-35.2860151085
465		-34.6214878741		-35.2873788435
466		-34.8898580758		-35.3538401723
467		-35.1916589790		-35.4808183743
468		-35.5244144776		-35.6641191898
469		-35.8858615758		-35.8998973857
470		-36.2739296358		-36.1846234009
471		-36.6867218804		-36.5150535753
472		-37.1224988813		-36.8882035374
473		-37.5796637964		-37.3013243769
474		-38.0567491532		-37.7518812801
475		-38.5524049966		-38.2375343449
476		-39.0653882491		-38.7561213299
477		-39.5945531438		-39.3056421201
478		-40.1388426121		-39.8842447209
479		-40.6972805207		-40.4902126132
480		-41.2689646658		-41.1219533228
481		-41.8530604424		-41.7779880749
482		-42.4487951175		-42.4569424200
483		-33.8528913232		-38.3205300917
484		-33.5942283141		-37.4670528926
485		-33.4097228616		-36.7416406973
486		-33.2931757536		-36.1340838569
487		-33.2389897581		-35.6351408701
488		-33.2421031687		-35.2364329177
489		-33.2979315939		-34.9303513747
490		-33.4023168515		-34.7099765153
491		-33.5514820012		-34.5690058971
492		-33.7419916961		-34.5016911401
493		-33.9707171528		-34.5027820009
494		-34.2348051421		-34.5674768056
495		-34.5316504889		-34.6913784352
496		-34.8588716404		-34.8704551722
497		-35.2142889235		-35.1010058108
498		-35.5959051631		-35.3796285145
499		-36.0018883788		-35.7031929755
500		-36.4305563125		-36.0688154857
501		-36.8803625734		-36.4738365818
502		-37.3498842139		-36.9158009709
503		-37.8378105720		-37.3924394772
504		-38.3429332399		-37.9016527842
505		-38.8641370305		-38.4414967754
506		-39.4003918351		-39.0101692986
507		-39.9507452732		-39.6059981999
508		-40.5143160504		-40.2274304941
509		-41.0902879489		-40.8730225493
510		-33.2419086104		-37.4996384946
511		-32.9940815772		-36.6711775058
512		-32.8178458010		-35.9663239483
513		-32.7073265794		-35.3754027380
514		-32.6572102733		-34.8896411219
515		-32.6626833671		-34.5010719664
516		-32.7193789679		-34.2024487544
517		-32.8233297314		-33.9871707085
518		-32.9709263556		-33.8492166907
519		-33.1588809070		-33.7830867327
520		-33.3841943558		-33.7837502113
521		-33.6441277823		-33.8465998296
522		-33.9361767930		-33.9674106781
523		-34.2580487516		-34.1423037527
524		-34.6076424798		-34.3677133890
525		-34.9830301318		-34.6403581466
526		-35.3824409863		-34.9572147375
527		-35.8042469293		-35.3154946443
528		-36.2469494351		-35.7126231218
529		-36.7091678738		-36.1462203115
530		-37.1896289958		-36.6140842333
531		-37.6871574627		-37.1141754479
532		-38.2006673102		-37.6446032079
533		-38.7291542414		-38.2036129368
534		-39.2716886608		-38.7895748954
535		-39.8274093716		-39.4009739102
536		-32.6925777344		-36.7466443984
537		-32.4548419167		-35.9415665824
538		-32.2862945174		-35.2559229256
539		-32.1813606794		-34.6805322542
540		-32.1349893483		-34.2070557936
541		-32.1425972805		-33.8279083082
542		-32.2000197781		-33.5361798322
543		-32.3034672515		-33.3255665782
544		-32.4494868387		-33.1903098222
545		-32.6349284288		-33.1251417369
546		-32.8569145249		-33.1252372903
547		-33.1128134666		-33.1861714554
548		-33.4002155941		-33.3038810747
549		-33.7169119980		-33.4746308181
550		-34.0608755416		-33.6949827455
551		-34.4302438883		-33.9617690485
552		-34.8233042992		-34.2720676045
553		-35.2384799966		-34.6231800193
554		-35.6743179158		-35.0126118784
555		-36.1294776882		-35.4380549602
556		-36.6027217202		-35.8973711946
557		-37.0929062465		-36.3885781780
558		-37.5989732528		-36.9098360759
559		-38.1199431748		-37.4594357674
560		-38.6549082904		-38.0357880992
561		-32.2001498172		-36.0563700992
562		-31.9718234200		-35.2731767173
563		-31.8104319373		-34.6055039652
564		-31.7106780812		-34.0446278636
565		-31.6677543644		-33.5826121432
566		-31.6772915578		-33.2122264463
567		-31.7353132445		-32.9268741259
568		-31.8381956669		-32.7205283836
569		-31.9826321794		-32.5876756678
570		-32.1656017180		-32.5232654131
571		-32.3843407824		-32.5226653263
572		-32.6363184954		-32.5816215366
573		-32.9192143647		-32.6962230223
574		-33.2308984221		-32.8628698013
575		-33.5694134586		-33.0782444437
576		-33.9329591101		-33.3392865212
577		-34.3198775820		-33.6431696558
578		-34.7286408238		-33.9872808763
579		-35.1578389929		-34.3692020232
580		-35.6061700643		-34.7866929785
581		-36.0724304589		-35.2376765195
582		-36.5555065825		-35.7202246253
583		-37.0543671763		-36.2325460779
584		-37.5680563934		-36.7729752256
585		-31.7603137891		-35.4241121444
586		-31.5407716900		-34.6614255454
587		-31.3860477004		-34.0105838208
588		-31.2911019379		-33.4632869528
589		-31.2513532299		-33.0119726289
590		-31.2626315816		-32.6497408077
591		-31.3211361798		-32.3702870006
592		-31.4233982152		-32.1678431433
593		-31.5662479055		-32.0371250913
594		-31.7467851901		-31.9732859102
595		-31.9623536439		-31.9718742482
596		-32.2105172146		-32.0287971734
597		-32.4890394457		-32.1402869425
598		-32.7958648906		-32.3028712389
599		-33.1291024607		-32.5133464760
600		-33.4870104867		-32.7687538172
601		-33.8679832960		-33.0663576032
602		-34.2705391376		-33.4036259200
603		-34.6933093049		-33.7782130719
604		-35.1350283243		-34.1879437518
605		-35.5945250955		-34.6307987266
606		-36.0707148809		-35.1049018777
607		-36.5625920546		-35.6085084539
608		-31.3691497275		-34.8455910043
609		-31.1578179067		-34.1021429160
610		-31.0093127612		-33.4670820237
611		-30.9188335236		-32.9325021268
612		-30.8820096529		-32.4911889203
613		-30.8948569242		-32.1365503082
614		-30.9537385565		-31.8625546489
615		-31.0553307338		-31.6636759215
616		-31.1965919652		-31.5348449455
617		-31.3747358086		-31.4714059079
618		-31.5872065470		-31.4690775530
619		-31.8316574611		-31.5239184769
620		-32.1059313923		-31.6322960435
621		-32.4080433271		-31.7908585021
622		-32.7361647700		-31.9965099387
623		-33.0886097028		-32.2463877420
624		-33.4638219506		-32.5378423037
625		-33.8603638002		-32.8684187071
626		-34.2769057331		-33.2358401881
627		-34.7122171518		-33.6379931788
628		-35.1651579959		-34.0729137646
629		-35.6346711502		-34.5387754090
630		-31.0230878216		-34.3169067934
631		-30.8194384212		-33.5915279241
632		-30.6767394546		-32.9712789507
633		-30.5904126446		-32.4486200917
634		-30.5562837966		-32.0166614156
635		-30.5705421672		-31.6690983574
636		-30.6297044247		-31.4001544656
637		-30.7305826245		-31.2045304736
638		-30.8702556986		-31.0773589113
639		-31.0460440308		-31.0141635868
640		-31.2554867451		-31.0108233525
641		-31.4963213860		-31.0635396516
642		-31.7664657113		-31.1688074052
643		-32.0640013533		-31.3233888581
644		-32.3871591358		-31.5242900481
645		-32.7343058627		-31.7687396069
646		-33.1039324127		-32.0541696371
647		-33.4946430005		-32.3781984374
648		-33.9051454750		-32.7386148813
649		-34.3342425469		-33.1333642701
650		-34.7808238453		-33.5605355093
651		-30.7188722077		-33.8345002303
652		-30.5224191394		-33.1261110144
653		-30.3851462931		-32.5197788371
654		-30.3026827405		-32.0083053837
655		-30.2710375970		-31.5851035304
656		-30.2865623635		-31.2441375787
657		-30.3459174626		-30.9798700951
658		-30.4460424485		-30.7872145370
659		-30.5841294399		-30.6614929618
660		-30.7575993887		-30.5983982089
661		-30.9640808454		-30.5939600264
662		-31.2013909320		-30.6445146842
663		-31.4675182648		-30.7466776737
664		-31.7606076082		-30.8973191453
665		-32.0789460633		-31.0935417778
666		-32.4209506220		-31.3326608141
667		-32.7851569382		-31.6121860257
668		-33.1702091830		-31.9298054008
669		-33.5748508700		-32.2833703729
670		-33.9979165475		-32.6708824288
671		-30.4535290301		-33.3951181465
672		-30.2638240641		-32.7027204920
673		-30.1316268712		-32.1094770840
674		-30.0527600559		-31.6085083069
675		-30.0234041246		-31.1935101289
676		-30.0400625293		-30.8586986239
677		-30.0995305487		-30.5987605367
678		-30.1988675378		-30.4088091535
679		-30.3353721371		-30.2843448413
680		-30.5065600925		-30.2212197041
681		-30.7101443767		-30.2156058748
682		-30.9440173492		-30.2639670293
683		-31.2062347219		-30.3630327540
684		-31.4950011272		-30.5097754520
685		-31.8086571121		-30.7013895071
686		-32.1456674022		-30.9352724602
687		-32.5046102982		-31.2090079834
688		-32.8841680848		-31.5203504615
689		-33.2831183446		-31.8672110111
690		-30.2243381780		-32.9957829512
691		-30.0409674527		-32.3184528667
692		-29.9135223425		-31.7375313044
693		-29.8380063540		-31.2464365354
694		-29.8107604679		-30.8391295637
695		-29.8284306419		-30.5100625516
696		-29.8879388314		-30.2541327835
697		-29.9864571022		-30.0666415019
698		-30.1213844683		-29.9432570385
699		-30.2903261335		-29.8799817395
700		-30.4910748600		-29.8731222495
701		-30.7215942217		-29.9192627729
702		-30.9800035303		-30.0152409822
703		-31.2645642497		-30.1581262792
704		-31.5736677353		-30.3452001570
705		-31.9058241549		-30.5739384344
706		-32.2596524673		-30.8419951663
707		-32.6338713445		-31.1471880553
708		-30.0288082277		-32.6337655487
709		-29.8513891300		-31.9706465431
710		-29.7283970128		-31.4013356322
711		-29.6560047183		-30.9195299139
712		-29.6307036853		-30.5194388631
713		-29.6492736952		-30.1957363167
714		-29.7087558482		-29.9435175430
715		-29.8064283823		-29.7582607928
716		-29.9397850035		-29.6357928073
717		-30.1065154355		-29.5722578292
718		-30.3044879351		-29.5640897188
719		-30.5317335545		-29.6079868283
720		-30.7864319550		-29.7008893308
721		-31.0668986035		-29.8399587374
722		-31.3715732021		-30.0225593672
723		-31.6990092205		-30.2462415639
724		-32.0478644135		-30.5087264771
725		-29.8646541845		-32.3065612702
726		-29.6928325555		-31.6568584350
727		-29.5740166563		-31.0984978823
728		-29.5045380536		-30.6254380530
729		-29.4810294390		-30.2321216706
730		-29.5003964252		-29.9134309784
731		-29.5597923107		-29.6646476520
732		-29.6565954650		-29.4814168391
733		-29.7883890296		-29.3597148523
734		-29.9529426706		-29.2958200986
735		-30.1481961533		-29.2862868849
736		-30.3722445344		-29.3279217814
737		-30.6233247975		-29.4177622648
738		-30.8998037742		-29.5530573981
739		-31.2001672147		-29.7312503290
740		-31.5230098873		-29.9499624195
741		-29.7297776758		-32.0118684490
742		-29.5632253042		-31.3748431412
743		-29.4483292155		-30.8268192106
744		-29.3815699500		-30.3620003754
745		-29.3597129787		-29.9750485969
746		-29.3797823753		-29.6610422922
747		-29.4390372215		-29.4154388532
748		-29.5349504294		-29.2340409732
749		-29.6651897047		-29.1129663485
750		-29.8276004083		-29.0486203771
751		-30.0201901075		-29.0376715232
752		-30.2411146300		-29.0770290575
753		-30.4886654590		-29.1638229178
754		-30.7612583272		-29.2953854666
755		-31.0574228827		-29.4692349451
756		-29.6222492945		-31.7475693126
757		-29.4606616647		-31.1225343708
758		-29.3494475937		-30.5842759677
759		-29.2852276210		-30.1272283132
760		-29.2648921851		-29.7462596896
761		-29.2855770146		-29.4366333930
762		-29.3446410397		-29.1939726447
763		-29.4396465376		-29.0142290216
764		-29.5683412580		-28.8936540088
765		-29.7286423088		-28.8287733314
766		-29.9186216099		-28.8163637596
767		-30.1364927451		-28.8534321241
768		-30.3805990621		-28.9371963057
769		-30.6494028914		-29.0650679935
770		-29.5402928337		-31.5117129140
771		-29.3833870984		-30.8980283466
772		-29.2756342869		-30.3690034836
773		-29.2137866654		-29.9192893972
774		-29.1948524267		-29.5439487659
775		-29.2160726594		-29.2384193196
776		-29.2749006454		-28.9984809527
777		-29.3689832233		-28.8202260913
778		-29.4961439867		-28.7000329549
779		-29.6543681165		-28.6345413960
780		-29.8417886707		-28.6206310406
781		-30.0566741752		-28.6554014842
782		-30.2974173792		-28.7361543300
783		-29.4822711851		-31.3024998584
784		-29.3297843379		-30.6995689513
785		-29.2252876361		-30.1792815527
786		-29.1656574350		-29.7364930154
787		-29.1480130118		-29.3664493876
788		-29.1696949854		-29.0647531613
789		-29.2282458903		-28.8273324115
790		-29.3213926637		-28.6504129519
791		-29.4470308354		-28.5304931745
792		-29.6032102364		-28.4643212856
793		-29.7881220628		-28.4488746826
794		-30.0000871531		-28.4813412474
795		-29.4466737074		-31.1182686160
796		-29.2983609332		-30.5255344126
797		-29.1969295096		-30.0135214213
798		-29.1393728203		-29.5772776431
799		-29.1229150503		-29.2122222867
800		-29.1449909421		-28.9141136366
801		-29.2032275464		-28.6790200629
802		-29.2954277480		-28.5032938269
803		-29.4195553729		-28.3835473823
804		-29.5737217081		-28.3166319043
805		-29.7561732853		-28.2996178146
806		-29.4321048924		-30.9574832350
807		-29.2877380752		-30.3744253498
808		-29.1891942493		-29.8702541041
809		-29.1335772891		-29.4401993777
810		-29.1182105600		-29.0798440735
811		-29.1406179070		-28.7850939406
812		-29.1985064925		-28.5521503107
813		-29.2897512823		-28.3774854310
814		-29.4123810029		-28.2578201188
815		-29.5645654149		-28.1901034907
816		-29.4372741813		-30.8187222980
817		-29.2966405539		-30.2448540264
818		-29.2008187373		-29.7481198777
819		-29.1470170355		-29.3239216268
820		-29.1326526766		-28.9679970820
821		-29.1553339392		-28.6763917138
822		-29.2128439953		-28.4454329877
823		-29.3031262863		-28.2717071127
824		-29.4242712688		-28.1520379499
825		-29.4609868004		-30.7006689785
826		-29.3238877194		-30.1355346723
827		-29.2306334548		-29.6458588199
828		-29.1785311135		-29.2272058229
829		-29.1650868423		-28.8754602247
830		-29.1879890061		-28.5868000088
831		-29.2450929625		-28.3576724103
832		-29.3344072623		-28.1847719763
833		-29.5021355034		-30.6021020769
834		-29.3683853371		-30.0452747578
835		-29.2775544248		-29.5623022771
836		-29.2270434458		-29.1489030478
837		-29.2144428633		-28.8011007438
838		-29.2375170769		-28.5151991432
839		-29.2941900594		-28.2877593105
840		-29.5596931195		-30.5218879285
841		-29.4291182366		-29.9729671148
842		-29.3405759392		-29.4963651597
843		-29.2915556110		-29.0879464700
844		-29.2797277425		-28.7438667631
845		-29.3029289857		-28.4605493418
846		-29.6327058195		-30.4589730881
847		-29.5051436691		-29.9175828132
848		-29.4187639871		-29.4470389758
849		-29.3711403260		-29.0433445057
850		-29.3600192008		-28.7027805511
851		-29.7202870248		-30.4123777084
852		-29.5955852967		-29.8781647117
853		-29.5112503079		-29.4133855230
854		-29.4649355469		-29.0141746258
855		-29.8216118882		-30.3811895391
856		-29.6996277477		-29.8538216125
857		-29.6172270026		-29.3945311707
858		-29.9359122883		-30.3645584812
859		-29.8165116765		-29.8437229557
860		-30.0624722850		-30.3616916399
