       pos                  sx                  sy                  sxb                  syb
       64.3000000000       44.4925231502       11.8784992832       31.1631511700       39.5226654574
       67.2842465753       37.4994188451       11.1488655883       33.9715466097       39.2909731909
       70.2684931507       31.8154344141       10.2673940353       36.0901273939       37.4187980994
       73.2527397260       27.7117799344        9.3473681028       37.5130825568       34.4941773212
       76.2369863014       24.8766133350        8.4499225989       38.4620823611       31.1124153740
       79.2212328767       23.0367442291        7.6106383947       39.1034626353       27.6747462370
       82.2054794521       21.9581003969        6.8481790170       39.5584866945       24.4365935930
       85.1897260274       21.4444709929        6.1701708832       39.9121314055       21.5462976452
       88.1739726027       21.3350147388        5.5772095917       40.2210648554       19.0754361742
       91.1582191781       21.5009130353        5.0655949019       40.5205422799       17.0424032960
       94.1424657534       21.8415448879        4.6291878813       40.8301618603       15.4305087530
       97.1267123288       22.2804875738        4.2606547523       41.1585222045       14.2016201320
      100.1109589041       22.7615800606        3.9522834153       41.5068838019       13.3061993014
      103.0952054795       23.2452171035        3.6965005140       41.8719633277       12.6904544327
      106.0794520548       23.7049847655        3.4861814277       42.2479977108       12.3012201022
      109.0636986301       24.1246980659        3.3148181191       42.6282109569       12.0890825862
      112.0479452055       24.4958648774        3.1765913544       43.0058059919       12.0101820716
      115.0321917808       24.8155705548        3.0663808524       43.3745894074       12.0270466724
      118.0164383562       25.0847592629        2.9797362195       43.7293212609       12.1087449171
      121.0006849315       25.3068743322        2.9128258123       44.0658663227       12.2305833007
      123.9849315068       25.4868139268        2.8623739843       44.3812084197       12.3735239077
      126.9691780822       25.6301551573        2.8255950754       44.6733761970       12.5234533144
      129.9534246575       25.7426009002        2.8001282130       44.9413170920       12.6703978886
      132.9376712329       25.8296061863        2.7839766037       45.1847465519       12.8077512536
      135.9219178082       25.8961453754        2.7754522649       45.4039915616       12.9315566225
      138.9061643836       25.9465863025        2.7731274683       45.5998411704       13.0398689022
      141.8904109589       25.9846426696        2.7757924778       45.7734117982       13.1322082931
      144.8746575342       26.0133812046        2.7824197085       45.9260314018       13.2091076495
      147.8589041096       26.0352646188        2.7921334281       46.0591439332       13.2717494924
      150.8431506849       26.0522158591        2.8041846609       46.1742336956       13.3216845547
      153.8273972603       26.0656925667        2.8179303860       46.2727680414       13.3606215768
      156.8116438356       26.0767639693        2.8328165701       46.3561561922       13.3902772263
      159.7958904110       26.0861847112        2.8483642709       46.4257216708       13.4122751320
      162.7801369863       26.0944623266        2.8641583887       46.4826858014       13.4280837444
      165.7643835616       26.1019163844        2.8798384902       46.5281598770       13.4389838377
      168.7486301370       26.1087286371        2.8950913747       46.5631438367       13.4460577500
      171.7328767123       26.1149841403        2.9096449790       46.5885295969       13.4501937832
      174.7171232877       26.1207039720        2.9232633888       46.6051074951       13.4521004660
      177.7013698630       26.1258703809        2.9357426899       46.6135746119       13.4523265528
      180.6856164384       26.1304454495        2.9469075058       46.6145440186       13.4512836595
      183.6698630137       26.1343843163        2.9566080551       46.6085542457       13.4492693108
      186.6541095890       26.1376440374        2.9647176348       46.5960784767       13.4464888893
      189.6383561644       26.1401890179        2.9711304264       46.5775331428       13.4430755456
      192.6226027397       26.1419938822        2.9757595725       46.5532857270       13.4391075640
      195.6068493151       26.1430444779        2.9785354617       46.5236616919       13.4346230014
      198.5910958904       26.1433376174        2.9794041934       46.4889505167       13.4296316427
      201.5753424658       26.1428800104        2.9783261859       46.4494108801       13.4241244622
      204.5595890411       26.1416867552        2.9752749118       46.4052750608       13.4180808704
      207.5438356164       26.1397796434        2.9702357400       46.3567526405       13.4114740649
      210.5280821918       26.1371854703        2.9632048734       46.3040336067       13.4042748136
      213.5123287671       26.1339344651        2.9541883715       46.2472909464       13.3964539835
      216.4965753425       26.1300589195        2.9432012492       46.1866828199       13.3879840995
      219.4808219178       26.1255920421        2.9302666438       46.1223543936       13.3788401816
      222.4650684931       26.1205670513        2.9154150457       46.0544393993       13.3690000697
      225.4493150685       26.1150164928        2.8986835853       45.9830614781       13.3584444050
      228.4335616438       26.1089717604        2.8801153727       45.9083353564       13.3471564018
      231.4178082192       26.1024627906        2.8597588831       45.8303678894       13.3351215104
      234.4020547945       26.0955179021        2.8376673864       45.7492590028       13.3223270440
      237.3863013699       26.0881637475        2.8138984147       45.6651025526       13.3087618204
      240.3705479452       26.0804253512        2.7885132650       45.5779871203       13.2944158488
      243.3547945205       26.0723262065        2.7615765327       45.4879967515       13.2792800799
      246.3390410959       26.0638884133        2.7331556741       45.3952116477       13.2633462264
      249.3232876712       26.0551328367        2.7033205939       45.2997088137       13.2466066524
      252.3075342466       26.0460792749        2.6721432553       45.2015626639       13.2290543273
      255.2917808219       26.0367466253        2.6396973107       45.1008455875       13.2106828341
      258.2760273973       26.0271530413        2.6060577512       44.9976284740       13.1914864248
      261.2602739726       26.0173160758        2.5713005724       44.8919811971       13.1714601092
      264.2445205479       26.0072528079        2.5355024556       44.7839730582       13.1505997711
      267.2287671233       25.9969799513        2.4987404634       44.6736731868       13.1289023000
      270.2130136986       25.9865139448        2.4610917484       44.5611509001       13.1063657320
      273.1972602740       25.9758710245        2.4226332737       44.4464760190       13.0829893938
      276.1815068493       25.9650672806        2.3834415465       44.3297191421       13.0587740424
      279.1657534247       25.9541186978        2.3435923617       44.2109518777       13.0337219996
      282.1500000000       25.9430411836        2.3031605579       44.0902470338       13.0078372757
      285.1342465753       25.9318505846        2.2622197842       43.9676787671       12.9811256800
      288.1184931507       25.9205626932        2.2208422782       43.8433226924       12.9535949187
      291.1027397260       25.9091932468        2.1790986556       43.7172559519       12.9252546760
      294.0869863014       25.8977579206        2.1370577114       43.5895572473       12.8961166796
      297.0712328767       25.8862723159        2.0947862332       43.4603068344       12.8661947479
      300.0554794521       25.8747519461        2.0523488269       43.3295864823       12.8355048194
      303.0397260274       25.8632122205        2.0098077554       43.1974793973       12.8040649613
      306.0239726027       25.8516684280        1.9672227901       43.0640701141       12.7718953564
      309.0082191781       25.8401357214        1.9246510771       42.9294443536       12.7390182661
      311.9924657534       25.8286291027        1.8821470167       42.7936888503       12.7054579665
      314.9767123288       25.8171634101        1.8397621581       42.6568911478       12.6712406534
      317.9609589041       25.8057533051        1.7975451089       42.5191393658       12.6363943142
      320.9452054795       25.7944132597        1.7555414608       42.3805219377       12.6009485600
      323.9294520548       25.7831575408        1.7137937300       42.2411273211       12.5649344155
      326.9136986301       25.7720001881        1.6723413142       42.1010436807       12.5283840605
      329.8979452055       25.7609549816        1.6312204662       41.9603585474       12.4913305208
      332.8821917808       25.7500353910        1.5904642835       41.8191584539       12.4538073061
      335.8664383562       25.7392545001        1.5501027143       41.6775285506       12.4158479940
      338.8506849315       25.7286248942        1.5101625806       41.5355522060       12.3774857652
      341.8349315068       25.7181585007        1.4706676175       41.3933105969       12.3387528978
      344.8191780822       25.7078663675        1.4316385293       41.2508822968       12.2996802364
      347.8034246575       25.6977583655        1.3930930625       41.1083428732       12.2602966605
      350.7876712329       25.6878427996        1.3550460951       40.9657645063       12.2206285864
      353.7719178082       25.6781259150        1.3175097435       40.8232156475       12.1806995508
      356.7561643836       25.6686112862        1.2804934864       40.6807607398       12.1405299388
      359.7404109589       25.6592990846        1.2440043056       40.5384600245       12.1001369355
      362.7246575342       25.6501852250        1.2080468463       40.3963694672       12.0595347985
      365.7089041096       25.6412604065        1.1726235947       40.2545408378       12.0187355658
      368.6931506849       25.6325090799        1.1377350758       40.1130219827       11.9777503300
      371.6773972603       25.6239083937        1.1033800709       39.9718573334       11.9365912212
      374.6616438356       25.6154272024        1.0695558563       39.8310886907       11.8952742464
      377.6458904110       25.6070252533        1.0362584623       39.6907563239       11.8538231281
      380.6301369863       25.5986527112        1.0034829533       39.5509004153       11.8122742624
      383.6143835616       25.5902502256        0.9712237280       39.4115628634       11.7706828758
      386.5986301370       25.5817497980        0.9394748368       39.2727894389       11.7291303902
      389.5828767123       25.5730767608        0.9082303125       39.1346322496       11.6877328994
      392.5671232877       25.5641532278        0.8774845087       38.9971524281       11.6466505177
      395.5513698630       25.5549034233        0.8472324363       38.8604228941       11.6060971611
      398.5356164384       25.5452613226        0.8174700843       38.7245309684       11.5663500732
      401.5198630137       25.5351810389        0.7881947091       38.5895805221       11.5277580969
      404.5041095890       25.5246503572        0.7594050691       38.4556932379       11.4907473198
      407.4883561644       25.5137077238        0.7311015768       38.3230084353       11.4558222954
      410.4726027397       25.5024628392        0.7032863341       38.1916807805       11.4235605663
      413.4568493151       25.4911207489        0.6759630131       38.0618750631       11.3945977199
      416.4410958904       25.4800089560        0.6491365353       37.9337570954       11.3695997202
      419.4253424658       25.4696065785        0.6228125038       37.8074796805       11.3492188240
      422.4095890411       25.4605739095        0.5969963379       37.6831625373       11.3340290922
      425.3938356164       25.4537799073        0.5716920642       37.5608650721       11.3244374081
      428.3780821918       25.4503241243        0.5469007281       37.4405510028       11.3205661574
      431.3623287671       25.4515483920        0.5226184006       37.3220440934       11.3221044181
      434.3465753425       25.4590322289        0.4988337863       37.2049747012       11.3281258395
      437.3308219178       25.4745644812        0.4755254696       37.0887175306       11.3368735246
      440.3150684932       25.5000822200        0.4526588888       36.9723219704       11.3455153786
      443.2993150685       25.5375665229        0.4301831939       36.8544377357       11.3498777556
      446.2835616438       25.5888836368        0.4080282245       36.7332402772       11.3441710146
      449.2678082192       25.6555593865        0.3861019477       36.6063626159       11.3207279534
      452.2520547945       25.7384748474        0.3642888103       36.4708429039       11.2697851211
      455.2363013699       25.8374726341        0.3424495966       36.3231001093       11.1793477100
      458.2205479452       25.9508660893        0.3204235175       36.1589536947       11.0351909311
      461.2047945205       26.0748487411        0.2980334092       35.9737068742       10.8210641129
      464.1890410959       26.2028091739        0.2750950366       35.7623167888       10.5191775553
      467.1732876712       26.3245675687        0.2514316159       35.5196783894       10.1110654009
      470.1575342466       26.4255652044        0.2268946952       35.2410515215        9.5789289562
      473.1417808219       26.4860577006        0.2013925301       34.9226620420        8.9075720068
      476.1260273973       26.4803871822        0.1749268977       34.5625069919        8.0870400744
      479.1102739726       26.3764378871        0.1476390160       34.1613899087        7.1160659744
      482.0945205479       26.1354139707        0.1198646911       33.7242041894        6.0064004492
      485.0787671233       25.7121163236        0.0921980074       33.2614684965        4.7880644394
      488.0630136986       25.0559361052        0.0655617747       32.7910976629        3.5154932526
      491.0472602740       24.1128222000        0.0412817526       32.3403622665        2.2744473884
      494.0315068493       22.8285212617        0.0211577184       31.9480053142        1.1893817168
      497.0157534247       21.1534360352        0.0074959617       31.6708428991        0.4263998898
      500.0000000000       20.2124686945        0.0026005373       31.5696358290        0.1487465499
