       pos                  sx                  sy                  sxb                  syb
      113.4202014333       49.8964391389       31.8506129869      -51.5955286625      -13.7925430883
      116.4053535717       42.4217864628       32.7978669108      -51.7812269388      -14.5415571868
      119.3905057102       36.0284007830       33.2160269559      -48.4362572270      -14.1284757382
      122.3756578486       31.7656346628       33.0200770094      -42.6932989464      -12.7458377383
      125.3608099870       29.0425892462       32.4328814626      -36.2378165364      -10.9817917929
      128.3459621255       27.3597240243       31.6301696517      -30.0143875260       -9.1809359727
      131.3311142639       26.3407744954       30.7349303708      -24.4499975124       -7.5194409969
      134.3162664024       25.7242270484       29.8249640114      -19.6651424000       -6.0640899829
      137.3014185408       25.3409022888       28.9439906547      -15.6202991553       -4.8216727223
      140.2865706793       25.0881151440       28.1127204157      -12.2099780043       -3.7701297374
      143.2717228177       24.9075739161       27.3376956598       -9.3154874374       -2.8779468933
      146.2568749562       24.7682746697       26.6177422602       -6.8302903635       -2.1141013067
      149.2420270946       24.6548490265       25.9481210649       -4.6688668422       -1.4523762401
      152.2271792331       24.5600456215       25.3230175663       -2.7668889927       -0.8723763144
      155.2123313715       24.4804306002       24.7368083017       -1.0776707671       -0.3589768886
      158.1974835100       24.4140622078       24.1846147977        0.4323041121        0.0987977878
      161.1826356484       24.3594583951       23.6624198762        1.7874158860        0.5089307285
      164.1677877868       24.3151946348       23.1669986859        3.0060163638        0.8773695888
      167.1529399253       24.2798492259       22.6957654718        4.1025847011        1.2087281784
      170.1380920637       24.2520436228       22.2466240595        5.0891029290        1.5067544025
      173.1232442022       24.2305166606       21.8178365060        5.9758736572        1.7746211654
      176.1083963406       24.2141656817       21.4079284007        6.7719781999        2.0150956276
      179.0935484791       24.2020671453       21.0156199772        7.4855254965        2.2306342526
      182.0787006175       24.1934675064       20.6397820880        8.1237914515        2.4234358073
      185.0638527560       24.1877647417       20.2794059429        8.6933084435        2.5954737648
      188.0490048944       24.1844807833       19.9335839339        9.1999359237        2.7485194428
      191.0341570329       24.1832366152       19.6014954093        9.6489257660        2.8841619625
      194.0193091713       24.1837287684       19.2823963722       10.0449861764        3.0038270067
      197.0044613098       24.1857116973       18.9756106007       10.3923438469        3.1087950040
      199.9896134482       24.1889835384       18.6805222057       10.6948025624        3.2002183261
      202.9747655866       24.1933764115       18.3965688010       10.9557967475        3.2791371943
      205.9599177251       24.1987490168       18.1232355184       11.1784390195        3.3464939233
      208.9450698635       24.2049817365       17.8600496016       11.3655615842        3.4031454495
      211.9302220020       24.2119727850       17.6065757024       11.5197517746        3.4498741394
      214.9153741404       24.2196355124       17.3624117477       11.6433823685        3.4873970604
      217.9005262789       24.2278960782       17.1271853776       11.7386374026        3.5163738793
      220.8856784173       24.2366916412       16.9005508553       11.8075342094        3.5374136134
      223.8708305558       24.2459686809       16.6821863924       11.8519423057        3.5510804056
      226.8559826942       24.2556815944       16.4717918165       11.8735996673        3.5578984959
      229.8411348327       24.2657913805       16.2690865171       11.8741268127        3.5583565127
      232.8262869711       24.2762645188       16.0738076240       11.8550390342        3.5529111964
      235.8114391096       24.2870719380       15.8857083696       11.8177570383        3.5419906328
      238.7965912480       24.2981881439       15.7045566085       11.7636162096        3.5259970674
      241.7817433864       24.3095904394       15.5301334649       11.6938746718        3.5053093528
      244.7668955249       24.3212582757       15.3622320934       11.6097202914        3.4802850755
      247.7520476633       24.3331726893       15.2006565361       11.5122767533        3.4512624014
      250.7371998018       24.3453158454       15.0452206701       11.4026088202        3.4185616740
      253.7223519402       24.3576706541       14.8957472334       11.2817268763        3.3824867958
      256.7075040787       24.3702204718       14.7520669299       11.1505908475        3.3433264218
      259.6926562171       24.3829488617       14.6140176030       11.0101135787        3.3013549868
      262.6778083556       24.3958394187       14.4814434799       10.8611637440        3.2568335929
      265.6629604940       24.4088756429       14.3541944799       10.7045683542        3.2100107731
      268.6481126325       24.4220408590       14.2321255873       10.5411149225        3.1611231524
      271.6332647709       24.4353181725       14.1150962829       10.3715533401        3.1103960196
      274.6184169094       24.4486904590       14.0029700356       10.1965975086        3.0580438254
      277.6035690478       24.4621403782       13.8956138475       10.0169267700        3.0042706191
      280.5887211862       24.4756504099       13.7928978536        9.8331871701        2.9492704333
      283.5738733247       24.4892029059       13.6946949696        9.6459925864        2.8932276284
      286.5590254631       24.5027801539       13.6008805886        9.4559257467        2.8363172025
      289.5441776016       24.5163644501       13.5113323200        9.2635391622        2.7787050753
      292.5293297400       24.5299381773       13.4259297703        9.0693559936        2.7205483516
      295.5144818785       24.5434838841       13.3445543614        8.8738708669        2.6619955683
      298.4996340169       24.5569843662       13.2670891831        8.6775506528        2.6031869308
      301.4847861554       24.5704227442       13.1934188768        8.4808352188        2.5442545405
      304.4699382938       24.5837825383       13.1234295477        8.2841381664        2.4853226172
      307.4550904323       24.5970477394       13.0570087017        8.0878475560        2.4265077176
      310.4402425707       24.6102028729       12.9940452050        7.8923266287        2.3679189530
      313.4253947092       24.6232330577       12.9344292622        7.6979145266        2.3096582056
      316.4105468476       24.6361240574       12.8780524117        7.5049270147        2.2518203453
      319.3956989860       24.6488623254       12.8248075348        7.3136572067        2.1944934483
      322.3808511245       24.6614350420       12.7745888772        7.1243762955        2.1377590153
      325.3660032629       24.6738301453       12.7272920788        6.9373342874        2.0816921924
      328.3511554014       24.6860363549       12.6828142131        6.7527607415        2.0263619927
      331.3363075398       24.6980431891       12.6410538299        6.5708655115        1.9718315181
      334.3214596783       24.7098409760       12.6019110045        6.3918394910        1.9181581831
      337.3066118167       24.7214208584       12.5652873880        6.2158553581        1.8653939376
      340.2917639552       24.7327747941       12.5310862593        6.0430683208        1.8135854904
      343.2769160936       24.7438955501       12.4992125779        5.8736168590        1.7627745311
      346.2620682321       24.7547766935       12.4695730352        5.7076234631        1.7129979515
      349.2472203705       24.7654125778       12.4420761045        5.5451953663        1.6642880650
      352.2323725090       24.7757983257       12.4166320889        5.3864252700        1.6166728240
      355.2175246474       24.7859298087       12.3931531655        5.2313920597        1.5701760339
      358.2026767859       24.7958036246       12.3715534271        5.0801615110        1.5248175651
      361.1878289243       24.8054170720       12.3517489193        4.9327869826        1.4806135602
      364.1729810627       24.8147681234       12.3336576740        4.7893100967        1.4375766382
      367.1581332012       24.8238553971       12.3171997386        4.6497614051        1.3957160939
      370.1432853396       24.8326781270       12.3022971999        4.5141610388        1.3550380928
      373.1284374781       24.8412361326       12.2888742049        4.3825193424        1.3155458608
      376.1135896165       24.8495297876       12.2768569755        4.2548374893        1.2772398693
      379.0987417550       24.8575599888       12.2661738200        4.1311080814        1.2401180142
      382.0838938934       24.8653281246       12.2567551391        4.0113157275        1.2041757900
      385.0690460319       24.8728360437       12.2485334285        3.8954376048        1.1694064579
      388.0541981703       24.8800860237       12.2414432760        3.7834440000        1.1358012079
      391.0393503088       24.8870807413       12.2354213563        3.6752988306        1.1033493154
      394.0245024472       24.8938232413       12.2304064202        3.5709601475        1.0720382918
      397.0096545857       24.9003169083       12.2263392810        3.4703806161        1.0418540291
      399.9948067241       24.9065654373       12.2231627976        3.3735079793        1.0127809386
      402.9799588625       24.9125728066       12.2208218536        3.2802854999        0.9848020835
      405.9651110010       24.9183432510       12.2192633342        3.1906523832        0.9578993061
      408.9502631394       24.9238812357       12.2184360992        3.1045441810        0.9320533487
      411.9354152779       24.9291914321       12.2182909549        3.0218931763        0.9072439695
      414.9205674163       24.9342786939       12.2187806217        2.9426287492        0.8834500518
      417.9057195548       24.9391480343       12.2198597014        2.8666777243        0.8606497090
      420.8908716932       24.9438046048       12.2214846414        2.7939647009        0.8388203832
      423.8760238317       24.9482536747       12.2236136973        2.7244123644        0.8179389392
      426.8611759701       24.9525006114       12.2262068940        2.6579417827        0.7979817529
      429.8463281086       24.9565508625       12.2292259861        2.5944726835        0.7789247952
      432.8314802470       24.9604099380       12.2326344157        2.5339237180        0.7607437108
      435.8166323855       24.9640833946       12.2363972705        2.4762127076        0.7434138926
      438.8017845239       24.9675768200       12.2404812405        2.4212568758        0.7269105511
      441.7869366623       24.9708958185       12.2448545741        2.3689730661        0.7112087801
      444.7720888008       24.9740459981       12.2494870334        2.3192779456        0.6962836178
      447.7572409392       24.9770329576       12.2543498495        2.2720881956        0.6821101041
      450.7423930777       24.9798622749       12.2594156776        2.2273206883        0.6686633336
      453.7275452161       24.9825394969       12.2646585515        2.1848926530        0.6559185058
      456.7126973546       24.9850701287       12.2700538381        2.1447218282        0.6438509707
      459.6978494930       24.9874596248       12.2755781929        2.1067266045        0.6324362716
      462.6830016315       24.9897133809       12.2812095143        2.0708261555        0.6216501849
      465.6681537699       24.9918367258       12.2869268995        2.0369405586        0.6114687559
      468.6533059084       24.9938349144       12.2927105996        2.0049909063        0.6018683327
      471.6384580468       24.9957131215       12.2985419761        1.9748994077        0.5928255968
      474.6236101853       24.9974764358       12.3044034573        1.9465894817        0.5843175905
      477.6087623237       24.9991298553       12.3102784956        1.9199858409        0.5763217430
      480.5939144621       25.0006782818       12.3161515253        1.8950145686        0.5688158929
      483.5790666006       25.0021265183       12.3220079208        1.8716031873        0.5617783094
      486.5642187390       25.0034792643       12.3278339562        1.8496807201        0.5551877105
      489.5493708775       25.0047411146       12.3336167651        1.8291777464        0.5490232794
      492.5345230159       25.0059165556       12.3393443010        1.8100264498        0.5432646800
      495.5196751544       25.0070099659       12.3450052992        1.7921606614        0.5378920690
      498.5048272928       25.0080256127       12.3505892388        1.7755158971        0.5328861074
      501.4899794313       25.0089676551       12.3560863059        1.7600293897        0.5282279708
      504.4751315697       25.0098401397       12.3614873578        1.7456401165        0.5238993569
      507.4602837082       25.0106470069       12.3667838873        1.7322888220        0.5198824926
      510.4454358466       25.0113920837       12.3719679901        1.7199180355        0.5161601391
      513.4305879851       25.0120790943       12.3770323295        1.7084720820        0.5127155948
      516.4157401235       25.0127116450       12.3819701089        1.6978970847        0.5095326951
      519.4008922620       25.0132932409       12.3867750376        1.6881409540        0.5065958075
      522.3860444004       25.0138272546       12.3914413103        1.6791533548        0.5038898189
      525.3711965388       25.0143169547       12.3959635751        1.6708856387        0.5014001118
      528.3563486773       25.0147654502       12.4003369236        1.6632907235        0.4991125208
      531.3415008157       25.0151757548       12.4045568555        1.6563228915        0.4970132669
      534.3266529542       25.0155507171       12.4086192776        1.6499374814        0.4950888543
      537.3118050926       25.0158932164       12.4125204353        1.6440904477        0.4933259393
      540.2969572311       25.0162061703       12.4162568823        1.6387378014        0.4917111638
      543.2821093695       25.0164931498       12.4198252744        1.6338349992        0.4902310188
      546.2672615080       25.0167587590       12.4232221757        1.6293365373        0.4888717884
      549.2524136464       25.0170103450       12.4264434379        1.6251961707        0.4876198220
      552.2375657849       25.0172593172       12.4294835441        1.6213687865        0.4864623270
      555.2227179233       25.0175250552       12.4323340683        1.6178151174        0.4853893870
      558.2078700618       25.0178374699       12.4349822180        1.6145120942        0.4843974593
      561.1930222002       25.0182436967       12.4374079388        1.6114703785        0.4834960096
      564.1781743386       25.0188092482       12.4395822029        1.6087650991        0.4827163279
      567.1633264771       25.0196239067       12.4414638224        1.6065754981        0.4821261826
      570.1484786155       25.0207882932       12.4430017710        1.6052463592        0.4818418652
      573.1336307540       25.0224035034       12.4441376871        1.6053283074        0.4820469398
      576.1187828924       25.0245049341       12.4448259808        1.6076430747        0.4829792073
      579.1039350309       25.0270031127       12.4450568999        1.6131400753        0.4849086994
      582.0890871693       25.0294856653       12.4449236948        1.6228026880        0.4879904167
      585.0742393078       25.0310980893       12.4446823183        1.6364494239        0.4918936698
      588.0593914462       25.0300893224       12.4449042893        1.6515537188        0.4951756136
      591.0445435847       25.0239189479       12.4465097054        1.6560714744        0.4910769044
      594.0296957231       25.0079672553       12.4510488278        1.6048812359        0.4501022000
      597.0148478616       24.9798944518       12.4595532259        1.3976016110        0.2916738524
      600.0000000000       24.9630723915       12.4647958248        1.2385673633        0.1689114266
      
